0.0 1.0 0.0
0.0 1.0 0.0
0.0 1.0 0.0
0.0 1.0 0.0
0.0 1.0 0.0
0.0 1.0 0.0
-0.0 1.0 0.0
-0.0 1.0 0.0
-0.0 1.0 0.0
-0.0 1.0 0.0
-0.0 1.0 0.0
-0.0 1.0 -0.0
-0.0 1.0 -0.0
-0.0 1.0 -0.0
-0.0 1.0 -0.0
-0.0 1.0 -0.0
0.0 1.0 -0.0
0.0 1.0 -0.0
0.0 1.0 -0.0
0.0 1.0 -0.0
0.15643446504023087 0.9876883405951377 0.0
0.14877801734965798 0.9876883405951377 0.048340908203384936
0.12655814072350038 0.9876883405951377 0.09194987150091015
0.09194987150091018 0.9876883405951377 0.12655814072350038
0.04834090820338494 0.9876883405951377 0.14877801734965798
9.578848344392363e-18 0.9876883405951377 0.15643446504023087
-0.04834090820338493 0.9876883405951377 0.14877801734965798
-0.09194987150091014 0.9876883405951377 0.12655814072350038
-0.12655814072350038 0.9876883405951377 0.09194987150091018
-0.14877801734965798 0.9876883405951377 0.04834090820338496
-0.15643446504023087 0.9876883405951377 1.9157696688784726e-17
-0.14877801734965795 0.9876883405951377 -0.04834090820338499
-0.1265581407235004 0.9876883405951377 -0.09194987150091014
-0.09194987150091019 0.9876883405951377 -0.12655814072350038
-0.048340908203384964 0.9876883405951377 -0.14877801734965795
-2.8736545033177085e-17 0.9876883405951377 -0.15643446504023087
0.04834090820338491 0.9876883405951377 -0.14877801734965798
0.09194987150091012 0.9876883405951377 -0.1265581407235004
0.12655814072350036 0.9876883405951377 -0.09194987150091019
0.14877801734965795 0.9876883405951377 -0.04834090820338497
0.30901699437494745 0.9510565162951536 0.0
0.2938926261462366 0.9510565162951536 0.0954915028125263
0.25000000000000006 0.9510565162951536 0.1816356320013402
0.18163563200134025 0.9510565162951536 0.25000000000000006
0.09549150281252632 0.9510565162951536 0.2938926261462366
1.8921833652170753e-17 0.9510565162951536 0.30901699437494745
-0.09549150281252629 0.9510565162951536 0.2938926261462366
-0.18163563200134017 0.9510565162951536 0.25000000000000006
-0.25000000000000006 0.9510565162951536 0.18163563200134025
-0.2938926261462366 0.9510565162951536 0.09549150281252634
-0.30901699437494745 0.9510565162951536 3.7843667304341506e-17
-0.29389262614623657 0.9510565162951536 -0.09549150281252641
-0.2500000000000001 0.9510565162951536 -0.18163563200134017
-0.18163563200134028 0.9510565162951536 -0.25000000000000006
-0.09549150281252636 0.9510565162951536 -0.29389262614623657
-5.676550095651226e-17 0.9510565162951536 -0.30901699437494745
0.09549150281252625 0.9510565162951536 -0.2938926261462366
0.18163563200134014 0.9510565162951536 -0.2500000000000001
0.25 0.9510565162951536 -0.18163563200134028
0.29389262614623657 0.9510565162951536 -0.09549150281252637
0.45399049973954675 0.8910065241883677 0.0
0.4317706231133892 0.8910065241883677 0.1402907797042951
0.36728602957406853 0.8910065241883677 0.2668489204277954
0.26684892042779546 0.8910065241883677 0.3672860295740685
0.14029077970429513 0.8910065241883677 0.4317706231133892
2.779890061746716e-17 0.8910065241883677 0.45399049973954675
-0.14029077970429507 0.8910065241883677 0.43177062311338926
-0.26684892042779534 0.8910065241883677 0.36728602957406853
-0.3672860295740685 0.8910065241883677 0.26684892042779546
-0.4317706231133892 0.8910065241883677 0.14029077970429515
-0.45399049973954675 0.8910065241883677 5.559780123493432e-17
-0.43177062311338915 0.8910065241883677 -0.14029077970429524
-0.3672860295740686 0.8910065241883677 -0.26684892042779534
-0.2668489204277955 0.8910065241883677 -0.3672860295740685
-0.14029077970429518 0.8910065241883677 -0.43177062311338915
-8.339670185240148e-17 0.8910065241883677 -0.45399049973954675
0.14029077970429502 0.8910065241883677 -0.43177062311338926
0.2668489204277953 0.8910065241883677 -0.3672860295740686
0.3672860295740684 0.8910065241883677 -0.2668489204277955
0.43177062311338915 0.8910065241883677 -0.1402907797042952
0.587785252292473 0.8090169943749476 0.0
0.5590169943749473 0.8090169943749476 0.1816356320013402
0.47552825814757677 0.8090169943749476 0.34549150281252616
0.3454915028125262 0.8090169943749476 0.4755282581475767
0.18163563200134022 0.8090169943749476 0.5590169943749473
3.5991466390299825e-17 0.8090169943749476 0.587785252292473
-0.18163563200134017 0.8090169943749476 0.5590169943749475
-0.3454915028125261 0.8090169943749476 0.47552825814757677
-0.4755282581475767 0.8090169943749476 0.3454915028125262
-0.5590169943749473 0.8090169943749476 0.18163563200134028
-0.587785252292473 0.8090169943749476 7.198293278059965e-17
-0.5590169943749473 0.8090169943749476 -0.1816356320013404
-0.4755282581475769 0.8090169943749476 -0.3454915028125261
-0.3454915028125263 0.8090169943749476 -0.4755282581475767
-0.1816356320013403 0.8090169943749476 -0.5590169943749473
-1.0797439917089948e-16 0.8090169943749476 -0.587785252292473
0.1816356320013401 0.8090169943749476 -0.5590169943749475
0.34549150281252605 0.8090169943749476 -0.4755282581475769
0.47552825814757665 0.8090169943749476 -0.3454915028125263
0.5590169943749473 0.8090169943749476 -0.18163563200134034
0.7071067811865476 0.7071067811865477 0.0
0.6724985119639574 0.7071067811865477 0.21850801222441057
0.5720614028176845 0.7071067811865477 0.4156269377774534
0.41562693777745346 0.7071067811865477 0.5720614028176844
0.2185080122244106 0.7071067811865477 0.6724985119639574
4.329780281177467e-17 0.7071067811865477 0.7071067811865476
-0.21850801222441052 0.7071067811865477 0.6724985119639575
-0.4156269377774533 0.7071067811865477 0.5720614028176845
-0.5720614028176844 0.7071067811865477 0.41562693777745346
-0.6724985119639574 0.7071067811865477 0.21850801222441066
-0.7071067811865476 0.7071067811865477 8.659560562354934e-17
-0.6724985119639574 0.7071067811865477 -0.2185080122244108
-0.5720614028176845 0.7071067811865477 -0.4156269377774533
-0.4156269377774535 0.7071067811865477 -0.5720614028176844
-0.21850801222441069 0.7071067811865477 -0.6724985119639574
-1.29893408435324e-16 0.7071067811865477 -0.7071067811865476
0.21850801222441046 0.7071067811865477 -0.6724985119639575
0.41562693777745324 0.7071067811865477 -0.5720614028176845
0.5720614028176843 0.7071067811865477 -0.4156269377774535
0.6724985119639574 0.7071067811865477 -0.2185080122244107
0.8090169943749475 0.5877852522924731 0.0
0.7694208842938134 0.5877852522924731 0.25000000000000006
0.6545084971874738 0.5877852522924731 0.4755282581475767
0.4755282581475768 0.5877852522924731 0.6545084971874737
0.25000000000000006 0.5877852522924731 0.7694208842938134
4.953800363085458e-17 0.5877852522924731 0.8090169943749475
-0.24999999999999997 0.5877852522924731 0.7694208842938135
-0.47552825814757665 0.5877852522924731 0.6545084971874738
-0.6545084971874737 0.5877852522924731 0.4755282581475768
-0.7694208842938134 0.5877852522924731 0.2500000000000001
-0.8090169943749475 0.5877852522924731 9.907600726170916e-17
-0.7694208842938134 0.5877852522924731 -0.2500000000000003
-0.654508497187474 0.5877852522924731 -0.47552825814757665
-0.4755282581475769 0.5877852522924731 -0.6545084971874737
-0.25000000000000017 0.5877852522924731 -0.7694208842938134
-1.4861401089256373e-16 0.5877852522924731 -0.8090169943749475
0.2499999999999999 0.5877852522924731 -0.7694208842938135
0.47552825814757654 0.5877852522924731 -0.654508497187474
0.6545084971874736 0.5877852522924731 -0.4755282581475769
0.7694208842938134 0.5877852522924731 -0.2500000000000002
0.8910065241883677 0.4539904997395468 0.0
0.8473975608908425 0.4539904997395468 0.2753361580731583
0.7208394201673423 0.4539904997395468 0.5237204946142991
0.5237204946142993 0.4539904997395468 0.7208394201673421
0.27533615807315837 0.4539904997395468 0.8473975608908425
5.4558414393334663e-17 0.4539904997395468 0.8910065241883677
-0.27533615807315825 0.4539904997395468 0.8473975608908426
-0.523720494614299 0.4539904997395468 0.7208394201673423
-0.7208394201673421 0.4539904997395468 0.5237204946142993
-0.8473975608908425 0.4539904997395468 0.27533615807315837
-0.8910065241883677 0.4539904997395468 1.0911682878666933e-16
-0.8473975608908424 0.4539904997395468 -0.2753361580731586
-0.7208394201673424 0.4539904997395468 -0.523720494614299
-0.5237204946142994 0.4539904997395468 -0.7208394201673421
-0.2753361580731584 0.4539904997395468 -0.8473975608908424
-1.6367524318000397e-16 0.4539904997395468 -0.8910065241883677
0.27533615807315814 0.4539904997395468 -0.8473975608908426
0.5237204946142989 0.4539904997395468 -0.7208394201673424
0.720839420167342 0.4539904997395468 -0.5237204946142994
0.8473975608908424 0.4539904997395468 -0.2753361580731585
0.9510565162951536 0.3090169943749475 0.0
0.9045084971874738 0.3090169943749475 0.2938926261462366
0.7694208842938135 0.3090169943749475 0.5590169943749473
0.5590169943749475 0.3090169943749475 0.7694208842938134
0.2938926261462367 0.3090169943749475 0.9045084971874738
5.823541592445463e-17 0.3090169943749475 0.9510565162951536
-0.29389262614623657 0.3090169943749475 0.904508497187474
-0.5590169943749472 0.3090169943749475 0.7694208842938135
-0.7694208842938134 0.3090169943749475 0.5590169943749475
-0.9045084971874738 0.3090169943749475 0.29389262614623674
-0.9510565162951536 0.3090169943749475 1.1647083184890926e-16
-0.9045084971874737 0.3090169943749475 -0.2938926261462369
-0.7694208842938136 0.3090169943749475 -0.5590169943749472
-0.5590169943749476 0.3090169943749475 -0.7694208842938134
-0.2938926261462368 0.3090169943749475 -0.9045084971874737
-1.7470624777336386e-16 0.3090169943749475 -0.9510565162951536
0.29389262614623646 0.3090169943749475 -0.904508497187474
0.5590169943749471 0.3090169943749475 -0.7694208842938136
0.7694208842938133 0.3090169943749475 -0.5590169943749476
0.9045084971874737 0.3090169943749475 -0.29389262614623685
0.9876883405951377 0.15643446504023092 0.0
0.9393474323917528 0.15643446504023092 0.30521248238988885
0.7990566526874577 0.15643446504023092 0.580548640463047
0.5805486404630471 0.15643446504023092 0.7990566526874576
0.3052124823898889 0.15643446504023092 0.9393474323917528
6.047846824324981e-17 0.15643446504023092 0.9876883405951377
-0.3052124823898888 0.15643446504023092 0.9393474323917529
-0.5805486404630469 0.15643446504023092 0.7990566526874577
-0.7990566526874576 0.15643446504023092 0.5805486404630471
-0.9393474323917528 0.15643446504023092 0.30521248238988896
-0.9876883405951377 0.15643446504023092 1.2095693648649962e-16
-0.9393474323917527 0.15643446504023092 -0.3052124823898892
-0.7990566526874578 0.15643446504023092 -0.5805486404630469
-0.5805486404630472 0.15643446504023092 -0.7990566526874576
-0.305212482389889 0.15643446504023092 -0.9393474323917527
-1.814354047297494e-16 0.15643446504023092 -0.9876883405951377
0.3052124823898887 0.15643446504023092 -0.9393474323917529
0.5805486404630468 0.15643446504023092 -0.7990566526874578
0.7990566526874575 0.15643446504023092 -0.5805486404630472
0.9393474323917527 0.15643446504023092 -0.3052124823898891
1.0 6.123233995736766e-17 0.0
0.9510565162951536 6.123233995736766e-17 0.30901699437494745
0.8090169943749476 6.123233995736766e-17 0.587785252292473
0.5877852522924731 6.123233995736766e-17 0.8090169943749475
0.3090169943749475 6.123233995736766e-17 0.9510565162951536
6.123233995736766e-17 6.123233995736766e-17 1.0
-0.3090169943749474 6.123233995736766e-17 0.9510565162951538
-0.5877852522924729 6.123233995736766e-17 0.8090169943749476
-0.8090169943749475 6.123233995736766e-17 0.5877852522924731
-0.9510565162951536 6.123233995736766e-17 0.30901699437494756
-1.0 6.123233995736766e-17 1.2246467991473532e-16
-0.9510565162951535 6.123233995736766e-17 -0.3090169943749478
-0.8090169943749477 6.123233995736766e-17 -0.5877852522924729
-0.5877852522924732 6.123233995736766e-17 -0.8090169943749475
-0.3090169943749476 6.123233995736766e-17 -0.9510565162951535
-1.8369701987210297e-16 6.123233995736766e-17 -1.0
0.3090169943749473 6.123233995736766e-17 -0.9510565162951538
0.5877852522924728 6.123233995736766e-17 -0.8090169943749477
0.8090169943749473 6.123233995736766e-17 -0.5877852522924732
0.9510565162951535 6.123233995736766e-17 -0.3090169943749477
